--contingency bus section
CTG, I, VM, VA
1, 1, 1.0083364382, 1.7489612184
1, 2, 1.0082628833, -0.9991249027
1, 3, 1.0084545366, -6.3120034782
1, 4, 0.9988278132, -4.3436647527
1, 5, 0.9969685622, -3.2522303292
1, 6, 1.0417307440, -4.9120399447
1, 7, 1.0345046648, -4.3873684631
1, 8, 1.0599999298, -1.2374850267
1, 9, 1.0271898157, -6.4396582909
1, 10, 1.0219486272, -6.4727732072
1, 11, 1.0279665256, -5.8364807659
1, 12, 0.9977161093, -6.9121005973
1, 13, 1.0144655936, -6.4219842663
1, 14, 1.0030560687, -7.4989443077
2, 1, 0.9979652335, 19.2291843727
2, 2, 1.0082628833, 19.3160025168
2, 3, 1.0084545366, 16.3436628812
2, 4, 1.0029180340, 17.5857653598
2, 5, 1.0001746679, 18.1890546632
2, 6, 1.0417307440, 19.4133065884
2, 7, 1.0344907018, 19.8998777939
2, 8, 1.0599999298, 25.3576055960
2, 9, 1.0275670279, 17.6030723048
2, 10, 1.0221944771, 17.6192528221
2, 11, 1.0280182605, 18.3699434844
2, 12, 1.0266553590, 18.4382098898
2, 13, 1.0213637830, 18.2767756322
2, 14, 1.0062649693, 16.8365322021
--contingency generator section
CTG, I, ID, Q
1, 1, 1, 0.0000000000
1, 2, 1, 17.0861973904
1, 3, 1, 40.0000000000
1, 6, 1, 14.3089834383
1, 8, 1, 18.2606386959
2, 1, 1, 0.0000000000
2, 2, 1, 12.7751410246
2, 3, 1, 30.1574108924
2, 6, 1, 14.3893201952
2, 8, 1, 19.6904782292
--contingency switched shunt section
CTG, I, B
1, 1, -25.0000000000
1, 6, -6.1837635289
1, 8, -1.7605107673
2, 1, -22.8163822166
2, 6, -8.1743146017
2, 8, -1.3509846988
--contingency area section
CTG, AREA, DELTA
1, 1, 0.3420650493
2, 1, 0.5920822669
